1       30
1       3
1       15
1       34
1       27
1       6
1       21
1       24
2       35
2       6
2       29
2       31
2       23
2       10
2       22
2       9
3       37
3       4
3       25
3       36
3       20
3       32
3       38
3       8
4       6
4       4
4       37
4       26
4       14
4       11
4       28
4       25
5       22
5       9
5       7
5       19
5       36
5       3
5       20
5       26
6       30
6       27
6       14
6       4
6       23
6       5
6       24
6       34
7       26
7       12
7       19
7       24
7       33
7       25
7       7
7       30
8       23
8       24
8       14
8       38
8       4
8       30
8       39
8       25
9       27
9       3
9       7
9       24
9       5
9       31
9       1
9       23
10       1
10       15
10       5
10       34
10       2
10       24
10       38
10       35
11       33
11       27
11       26
11       30
11       36
11       11
11       28
11       4
12       31
12       34
12       13
12       21
12       25
12       10
12       5
12       36
13       25
13       15
13       27
13       6
13       24
13       5
13       3
13       37
14       30
14       34
14       19
14       13
14       23
14       35
14       8
14       25
15       40
15       5
15       34
15       3
15       10
15       16
15       27
15       14
16       12
16       22
16       10
16       32
16       19
16       3
16       26
16       29
17       14
17       32
17       6
17       21
17       2
17       20
17       7
17       31
18       37
18       15
18       8
18       40
18       22
18       7
18       39
18       11
19       25
19       33
19       5
19       2
19       13
19       31
19       39
19       9
20       19
20       40
20       36
20       28
20       16
20       1
20       26
20       35
21       1
21       8
21       7
21       4
21       32
21       30
21       36
21       28
22       9
22       16
22       2
22       28
22       10
22       22
22       26
22       29
23       37
23       23
23       35
23       3
23       4
23       38
23       1
23       19
24       40
24       16
24       37
24       23
24       32
24       9
24       38
24       8
25       5
25       37
25       11
25       12
25       4
25       20
25       1
25       16
26       32
26       1
26       29
26       31
26       37
26       10
26       11
26       22
27       6
27       4
27       13
27       11
27       3
27       14
27       40
27       39
28       40
28       8
28       27
28       38
28       31
28       6
28       24
28       13
29       30
29       28
29       26
29       10
29       39
29       19
29       29
29       14
30       29
30       12
30       24
30       38
30       40
30       19
30       22
30       31
31       25
31       5
31       37
31       24
31       14
31       22
31       4
31       40
32       5
32       29
32       25
32       4
32       14
32       20
32       40
32       15
