1       4
1       10
1       29
1       7
1       28
1       25
2       39
2       37
2       11
2       26
2       14
2       24
3       1
3       33
3       21
3       13
3       24
3       30
4       29
4       20
4       22
4       13
4       34
4       31
5       23
5       27
5       33
5       39
5       16
5       38
6       33
6       38
6       26
6       6
6       40
6       29
7       9
7       4
7       8
7       23
7       11
7       28
8       11
8       19
8       15
8       8
8       6
8       32
9       14
9       38
9       36
9       9
9       2
9       19
10       13
10       19
10       23
10       20
10       21
10       4
11       25
11       1
11       9
11       31
11       34
11       16
12       33
12       27
12       1
12       30
12       35
12       38
13       30
13       36
13       21
13       16
13       39
13       26
14       33
14       3
14       21
14       20
14       6
14       38
15       22
15       9
15       26
15       20
15       36
15       13
16       11
16       35
16       27
16       9
16       13
16       1
17       15
17       27
17       12
17       25
17       34
17       36
18       33
18       29
18       14
18       2
18       32
18       24
19       38
19       34
19       40
19       28
19       37
19       30
20       4
20       21
20       11
20       25
20       8
20       34
21       29
21       35
21       21
21       3
21       23
21       39
22       27
22       20
22       15
22       6
22       24
22       8
23       31
23       11
23       13
23       9
23       34
23       2
24       15
24       11
24       35
24       22
24       28
24       30
25       25
25       24
25       33
25       28
25       2
25       21
26       33
26       25
26       23
26       26
26       30
26       14
27       10
27       35
27       9
27       29
27       28
27       7
28       14
28       19
28       26
28       33
28       5
28       11
29       11
29       32
29       9
29       38
29       15
29       13
30       10
30       9
30       6
30       8
30       39
30       7
31       32
31       27
31       26
31       13
31       36
31       35
32       3
32       6
32       21
32       30
32       7
32       27
