1       8
1       2
1       5
1       19
1       12
1       32
1       16
1       11
2       36
2       19
2       12
2       8
2       13
2       5
2       25
2       33
3       34
3       39
3       3
3       35
3       2
3       26
3       19
3       6
4       1
4       23
4       10
4       19
4       3
4       32
4       39
4       24
5       25
5       2
5       35
5       40
5       8
5       6
5       12
5       31
6       19
6       35
6       1
6       32
6       22
6       28
6       39
6       10
7       3
7       40
7       13
7       36
7       29
7       37
7       31
7       10
8       36
8       21
8       26
8       33
8       13
8       7
8       9
8       12
9       13
9       33
9       26
9       21
9       20
9       28
9       10
9       34
10       9
10       16
10       22
10       10
10       14
10       31
10       40
10       30
11       5
11       24
11       39
11       6
11       21
11       38
11       14
11       15
12       23
12       4
12       32
12       14
12       2
12       3
12       7
12       29
13       19
13       35
13       31
13       7
13       12
13       14
13       34
13       29
14       28
14       15
14       37
14       7
14       16
14       11
14       36
14       32
15       19
15       6
15       30
15       39
15       21
15       29
15       33
15       2
16       5
16       36
16       30
16       7
16       16
16       33
16       14
16       23
17       26
17       35
17       9
17       28
17       23
17       11
17       3
17       13
18       3
18       27
18       9
18       23
18       25
18       28
18       6
18       38
19       36
19       3
19       29
19       35
19       8
19       23
19       22
19       14
20       13
20       12
20       29
20       33
20       15
20       7
20       6
20       3
21       25
21       37
21       9
21       11
21       22
21       15
21       13
21       40
22       37
22       35
22       5
22       23
22       32
22       4
22       40
22       14
23       25
23       12
23       8
23       5
23       15
23       20
23       30
23       24
24       3
24       20
24       24
24       13
24       39
24       19
24       31
24       14
25       32
25       29
25       27
25       30
25       34
25       40
25       36
25       38
26       4
26       36
26       35
26       3
26       16
26       13
26       21
26       34
27       23
27       37
27       25
27       32
27       34
27       36
27       12
27       5
28       37
28       32
28       22
28       9
28       12
28       21
28       15
28       7
29       21
29       1
29       33
29       16
29       3
29       36
29       5
29       24
30       14
30       2
30       25
30       15
30       1
30       35
30       23
30       11
31       7
31       19
31       1
31       10
31       39
31       38
31       20
31       9
32       35
32       9
32       34
32       2
32       10
32       31
32       36
32       13
