1       31
1       35
1       38
1       23
1       14
1       22
1       33
1       37
2       3
2       30
2       16
2       27
2       28
2       34
2       7
2       1
3       29
3       23
3       12
3       31
3       11
3       27
3       7
3       15
4       21
4       15
4       27
4       33
4       30
4       40
4       35
4       38
5       29
5       5
5       21
5       15
5       30
5       10
5       24
5       14
6       12
6       21
6       3
6       2
6       36
6       25
6       15
6       7
7       2
7       39
7       34
7       16
7       20
7       1
7       14
7       35
8       35
8       10
8       22
8       37
8       20
8       16
8       31
8       3
9       16
9       29
9       12
9       4
9       8
9       15
9       30
9       40
10       7
10       28
10       11
10       39
10       25
10       8
10       37
10       12
11       32
11       3
11       35
11       12
11       19
11       29
11       10
11       23
12       39
12       11
12       6
12       12
12       9
12       40
12       22
12       26
13       13
13       23
13       8
13       1
13       28
13       10
13       32
13       33
14       29
14       27
14       5
14       10
14       24
14       40
14       12
14       14
15       23
15       37
15       24
15       8
15       15
15       12
15       1
15       32
16       4
16       25
16       6
16       20
16       38
16       28
16       39
16       40
17       1
17       4
17       8
17       38
17       16
17       40
17       10
17       24
18       21
18       5
18       35
18       20
18       34
18       26
18       13
18       10
19       6
19       26
19       15
19       4
19       12
19       1
19       32
19       21
20       2
20       38
20       22
20       31
20       30
20       9
20       14
20       24
21       6
21       14
21       31
21       38
21       26
21       27
21       5
21       33
22       31
22       19
22       13
22       30
22       36
22       1
22       11
22       7
23       29
23       26
23       10
23       22
23       40
23       27
23       39
23       36
24       12
24       7
24       33
24       1
24       6
24       36
24       4
24       26
25       22
25       9
25       6
25       23
25       15
25       31
25       8
25       13
26       27
26       20
26       38
26       7
26       12
26       39
26       19
26       28
27       24
27       19
27       33
27       22
27       27
27       38
27       26
27       21
28       36
28       35
28       25
28       3
28       29
28       2
28       10
28       28
29       4
29       23
29       8
29       27
29       25
29       20
29       34
29       37
30       32
30       30
30       37
30       21
30       34
30       36
30       33
30       20
31       11
31       34
31       31
31       3
31       15
31       30
31       28
31       6
32       32
32       37
32       26
32       19
32       11
32       8
32       24
32       1
