1       9
1       36
1       20
1       39
1       1
1       40
1       13
1       26
2       2
2       32
2       40
2       38
2       4
2       20
2       21
2       15
3       16
3       40
3       9
3       14
3       28
3       5
3       10
3       22
4       9
4       7
4       12
4       2
4       36
4       16
4       8
4       5
5       13
5       37
5       32
5       11
5       1
5       4
5       34
5       28
6       9
6       11
6       16
6       13
6       20
6       37
6       31
6       8
7       22
7       32
7       27
7       5
7       38
7       6
7       21
7       15
8       1
8       28
8       27
8       2
8       40
8       29
8       5
8       34
9       22
9       37
9       25
9       32
9       11
9       39
9       35
9       6
10       32
10       36
10       3
10       6
10       33
10       29
10       26
10       27
11       13
11       22
11       37
11       8
11       20
11       7
11       2
11       40
12       15
12       24
12       19
12       16
12       8
12       37
12       28
12       20
13       9
13       2
13       38
13       4
13       11
13       22
13       20
13       40
14       39
14       31
14       4
14       2
14       26
14       1
14       22
14       9
15       31
15       4
15       11
15       25
15       7
15       38
15       28
15       35
16       31
16       8
16       2
16       34
16       15
16       24
16       21
16       37
17       22
17       19
17       39
17       5
17       37
17       33
17       30
17       29
18       19
18       16
18       1
18       4
18       12
18       36
18       31
18       30
19       7
19       24
19       20
19       16
19       19
19       27
19       10
19       11
20       10
20       23
20       39
20       20
20       37
20       27
20       32
20       5
21       16
21       20
21       12
21       34
21       19
21       10
21       2
21       24
22       25
22       34
22       39
22       38
22       33
22       21
22       3
22       12
23       28
23       21
23       33
23       7
23       16
23       32
23       14
23       6
24       29
24       5
24       2
24       21
24       25
24       34
24       10
24       27
25       35
25       3
25       10
25       26
25       19
25       14
25       39
25       7
26       24
26       6
26       8
26       5
26       15
26       40
26       2
26       9
27       1
27       20
27       31
27       8
27       30
27       15
27       2
27       16
28       1
28       16
28       34
28       4
28       23
28       39
28       20
28       30
29       35
29       40
29       7
29       22
29       12
29       31
29       2
29       6
30       16
30       4
30       13
30       26
30       5
30       3
30       28
30       27
31       16
31       8
31       21
31       23
31       33
31       12
31       2
31       29
32       22
32       23
32       39
32       33
32       16
32       12
32       38
32       28
