1       16
1       19
1       8
1       2
2       16
2       8
2       15
2       17
3       14
3       16
3       10
4       8
4       14
4       5
4       20
5       15
5       6
5       1
5       12
6       5
6       10
6       8
6       7
7       16
7       12
7       4
7       7
8       1
8       4
8       13
8       9
10       6
10       14
10       16
10       8
11       4
11       2
11       16
11       15
13       19
13       1
13       18
13       4
14       3
14       11
14       9
14       5
16       19
16       3
16       6
17       9
17       5
17       17
17       1
18       10
18       19
18       6
18       14
19       6
19       15
19       17
19       14
20       7
20       20
20       5
20       14
21       14
21       4
21       5
21       3
22       3
22       17
22       6
22       10
23       11
23       17
23       5
23       2
24       5
24       17
24       19
24       15
25       13
25       18
25       14
25       9
26       3
26       5
26       19
26       9
27       11
27       4
27       20
27       19
28       13
28       10
28       14
28       6
29       13
29       12
29       3
29       1
30       2
30       8
30       18
30       15
