1       10
1       1
1       9
1       20
2       14
2       6
2       13
2       5
3       17
3       4
3       18
3       6
3       1
4       17
4       3
4       4
4       6
5       17
5       20
5       16
5       3
6       20
6       6
6       1
6       14
7       1
7       15
7       3
7       18
8       7
8       18
8       16
8       3
10       3
10       7
10       10
10       20
11       14
11       17
11       7
11       20
13       6
13       14
13       8
13       16
14       14
14       4
14       19
14       18
16       13
16       1
16       10
16       20
17       14
17       7
17       18
17       8
18       3
18       4
18       20
18       8
19       2
19       12
19       8
19       3
20       12
20       9
20       19
20       3
21       15
21       20
21       7
21       17
22       16
22       9
22       8
22       14
23       13
23       1
23       19
23       7
24       11
24       14
24       3
24       20
25       6
25       12
25       16
25       10
26       16
26       14
26       15
26       20
27       8
27       5
27       10
27       17
28       19
28       5
28       9
28       17
29       10
29       11
29       4
29       16
30       19
30       5
30       12
30       10
