1       3
1       7
1       18
1       12
2       18
2       1
2       4
2       11
3       11
3       15
3       19
4       16
4       10
4       13
4       12
5       10
5       18
5       9
5       5
6       13
6       4
6       2
6       16
7       17
7       19
7       8
7       20
8       15
8       11
8       6
8       5
10       19
10       11
10       9
10       4
11       6
11       19
11       1
11       12
13       2
13       5
13       10
13       11
14       6
14       7
14       13
14       20
16       16
16       11
16       14
17       16
17       4
17       19
17       3
18       12
18       7
18       5
18       15
19       5
19       1
19       20
19       11
20       10
20       1
20       16
20       11
21       2
21       19
21       9
21       1
22       1
22       18
22       4
22       12
23       18
23       14
23       15
23       9
24       9
24       12
24       16
24       6
25       8
25       15
25       20
25       2
26       7
26       2
26       12
26       4
27       15
27       13
27       6
27       3
28       2
28       15
28       18
28       8
29       14
29       17
29       15
29       18
30       1
30       9
30       4
30       13
