1       5
1       4
1       13
1       17
2       9
2       2
2       19
2       7
3       9
3       8
3       13
4       1
4       9
4       11
4       18
5       13
5       8
5       19
5       7
6       15
6       19
6       18
6       9
7       6
7       14
7       5
7       9
8       10
8       8
8       17
8       14
10       13
10       15
10       17
10       2
11       11
11       5
11       10
11       8
13       9
13       17
13       13
13       12
14       10
14       16
14       17
14       8
16       7
16       9
16       4
17       10
17       12
17       6
17       15
18       11
18       18
18       2
18       13
19       13
19       10
19       4
19       19
20       18
20       4
20       17
20       8
21       11
21       10
21       8
21       13
22       20
22       13
22       7
22       11
23       3
23       8
23       16
23       4
24       18
24       10
24       13
24       2
25       1
25       19
25       5
25       17
26       6
26       10
26       13
26       18
27       1
27       2
27       18
27       12
28       3
28       1
28       4
28       16
29       5
29       6
29       7
29       2
30       16
30       20
30       11
30       17
