1       14
1       15
1       6
1       11
2       10
2       20
2       3
2       12
3       5
3       3
3       12
4       2
4       15
4       19
4       7
5       4
5       2
5       11
5       14
6       12
6       3
6       17
6       11
7       2
7       13
7       10
7       11
8       20
8       2
8       12
8       19
10       18
10       5
10       12
10       1
11       3
11       18
11       9
11       13
13       7
13       3
13       20
13       15
14       2
14       12
14       15
14       1
16       17
16       2
16       15
17       11
17       2
17       20
17       13
18       9
18       16
18       17
18       1
19       16
19       7
19       18
19       9
20       13
20       6
20       2
20       15
21       6
21       12
21       18
21       16
22       19
22       2
22       15
22       5
23       10
23       6
23       20
23       12
24       8
24       4
24       1
24       7
25       4
25       11
25       7
25       3
26       11
26       8
26       17
26       1
27       9
27       16
27       14
27       7
28       7
28       12
28       11
28       20
29       19
29       20
29       9
29       8
30       14
30       7
30       3
30       6
